Character Frequencies Counts over 26 alphabets.

Alpha:	0	1	2	3	4	5	6	7	8	9	10	11	12	13	14	15	16	17	18	19	20	21	22	23	24	25	

    A	7	1	8	2	4	1	4	0	7	3	3	0	5	3	9	0	5	0	5	1	1	2	3	2	10	0	
    B	1	5	0	1	0	3	1	1	3	6	0	3	3	2	2	3	0	2	1	2	2	2	2	4	2	1	
    C	3	0	2	5	0	3	1	4	1	0	1	5	1	3	7	2	3	4	4	1	3	2	6	4	1	5	
    D	1	4	2	1	6	1	1	2	6	2	5	0	3	0	4	0	6	4	8	0	4	3	1	3	3	0	
    E	11	6	6	9	10	10	12	7	12	5	12	10	12	10	15	6	14	11	13	10	15	11	6	11	13	9	
    F	12	11	14	6	11	5	12	9	10	5	15	8	8	11	5	5	6	5	10	14	9	4	9	5	4	5	
    G	4	1	5	5	4	6	2	4	7	3	3	4	3	4	2	2	4	5	2	5	0	0	3	3	1	5	
    H	1	4	2	2	0	3	1	1	2	3	2	0	4	3	4	3	2	5	1	4	3	2	2	5	2	2	
    I	10	19	7	13	15	17	8	15	6	19	2	12	8	16	8	12	8	10	10	16	5	15	11	11	7	6	
    J	5	7	3	7	3	3	2	5	4	4	2	8	3	5	1	15	5	8	2	8	4	7	3	9	6	4	
    K	1	3	5	5	5	3	4	3	4	5	5	3	6	3	4	3	8	7	3	3	9	6	5	2	4	7	
    L	4	0	4	6	0	3	5	3	2	2	3	4	2	5	4	1	3	4	2	6	5	3	5	5	5	12	
    M	9	6	7	5	12	6	6	8	7	8	15	6	12	5	5	9	9	3	5	5	6	5	8	4	5	7	
    N	2	0	2	0	2	1	1	1	0	1	1	1	1	1	2	1	1	1	3	1	2	0	4	0	4	1	
    O	3	3	0	2	1	4	3	6	4	2	1	0	2	2	4	4	1	3	1	2	2	1	1	1	4	1	
    P	2	9	4	7	2	7	3	3	2	3	5	5	3	6	3	9	3	9	3	1	2	6	6	9	5	3	
    Q	11	1	13	2	11	4	12	3	11	2	9	1	17	0	13	1	8	2	12	1	15	4	10	1	6	2	
    R	5	9	10	4	7	9	3	8	5	6	5	11	10	8	10	10	8	9	2	10	5	11	8	7	6	7	
    S	1	0	4	10	1	5	3	10	3	6	3	6	5	11	2	8	0	5	2	7	3	3	4	10	2	7	
    T	6	5	8	3	6	5	4	5	9	7	10	10	4	6	4	6	5	6	2	6	10	2	9	2	4	9	
    U	4	1	6	5	3	12	4	5	4	6	4	5	3	6	3	6	4	5	11	4	7	6	8	5	7	4	
    V	8	14	2	13	13	8	10	9	9	15	5	10	6	13	4	11	6	9	9	8	6	8	6	11	3	11	
    W	2	14	4	6	3	3	2	9	5	2	4	5	2	5	6	5	7	4	3	5	4	10	1	5	2	5	
    X	5	8	9	6	5	4	11	7	2	11	6	10	8	3	6	10	5	10	8	7	4	10	3	10	12	8	
    Y	7	1	2	4	6	7	5	4	1	6	8	4	1	2	2	3	5	2	5	5	3	5	1	4	7	7	
    Z	10	3	6	6	5	2	15	3	9	3	6	4	3	2	6	0	9	2	8	3	6	7	10	1	9	6	
    TOTALS	135	135	135	135	135	135	135	135	135	135	135	135	135	135	135	135	135	135	135	135	135	135	135	134	134	134	
