Kasiski search for repeated strings of size 3.

xjr: 32| 93, 26, 34, 44, 71, 176, 67, 47, 19, 36, 25, 34, 12, 73, 81, 88, 8, 23, 29, 8, 24, 22, 56, 13, 30, 12, 62, 36, 198, 99, 227
avn: 18| 381, 43, 80, 16, 73, 47, 43, 13, 66, 13, 175, 35, 26, 22, 13, 54, 206
vnu: 18| 381, 43, 80, 16, 73, 47, 43, 13, 66, 13, 175, 35, 26, 22, 13, 54, 206
nux: 18| 381, 43, 80, 16, 73, 47, 43, 13, 66, 13, 175, 35, 26, 22, 13, 54, 206
uxi: 7| 381, 139, 120, 345, 115, 206
xiy: 6| 381, 259, 266, 60, 134
iyv: 4| 381, 259, 460
yvm: 4| 381, 259, 460
vmu: 3| 381, 935
nhe: 4| 892, 303, 36
hex: 3| 518, 1179
exi: 3| 41, 659
xix: 9| 65, 445, 419, 46, 15, 306, 44, 2
xvm: 6| 94, 134, 108, 180, 72
vmq: 6| 94, 134, 108, 180, 72
mqe: 6| 94, 134, 108, 180, 72
qel: 5| 94, 242, 180, 72
elh: 6| 94, 242, 180, 72, 1048
lhx: 3| 336, 180
hxh: 6| 35, 237, 24, 1180, 269
xhq: 13| 405, 32, 137, 90, 13, 66, 13, 175, 61, 22, 13, 434
giv: 4| 731, 730, 118
ivl: 3| 1461, 118
lmx: 6| 440, 721, 300, 177, 103
mxh: 8| 193, 120, 127, 721, 89, 60, 151
xhi: 8| 193, 27, 93, 937, 211, 86, 138
hiq: 10| 87, 106, 27, 93, 268, 669, 211, 86, 138
iqh: 6| 87, 120, 1254, 86, 166
qhq: 6| 461, 442, 61, 497, 227
qeb: 3| 191, 631
eba: 4| 191, 631, 522
baj: 4| 191, 631, 522
ajm: 7| 191, 143, 958, 52, 172, 75
nxj: 3| 432, 149
xjm: 4| 432, 861, 450
jmx: 4| 432, 861, 450
ree: 6| 260, 132, 68, 57, 282
xhe: 3| 471, 812
evr: 3| 69, 1649
vre: 4| 227, 198, 225
rex: 4| 650, 533, 181
exv: 3| 468, 1179
xrf: 4| 292, 148, 32
rqx: 10| 27, 93, 484, 442, 34, 29, 83, 139, 196
qxh: 3| 604, 442
xhv: 3| 604, 442
hvr: 3| 604, 442
vrp: 3| 1046, 417
rpn: 3| 1046, 620
ixj: 5| 60, 804, 61, 528
rhq: 6| 175, 598, 303, 300, 110
hqx: 6| 175, 196, 473, 642, 114
qxr: 6| 14, 161, 196, 473, 642
rqf: 5| 318, 248, 460, 187
qfr: 3| 318, 248
vra: 8| 38, 419, 8, 109, 467, 137, 283
rah: 3| 637, 148
ahu: 4| 637, 132, 866
rzr: 7| 621, 69, 358, 167, 104, 220
zrq: 4| 88, 960, 167
gxj: 4| 565, 425, 42
rxv: 3| 242, 252
lhe: 3| 494, 211
hee: 3| 32, 462
eeh: 6| 494, 752, 157, 179, 39
qhx: 3| 1376, 250
arh: 4| 23, 396, 1017
hzr: 5| 162, 257, 812, 375
rfc: 3| 1035, 438
fcn: 3| 1035, 438
jrv: 8| 144, 261, 187, 132, 49, 60, 560
rve: 9| 185, 80, 154, 173, 132, 24, 555, 330
exj: 3| 110, 309
xjh: 3| 1008, 499
jhe: 3| 1008, 499
rqa: 7| 269, 80, 179, 79, 188, 83
qar: 6| 24, 902, 154, 164, 169
hqa: 4| 1299, 106, 161
qav: 7| 261, 80, 179, 79, 188, 83
avr: 4| 502, 467, 349
vrm: 3| 1310, 305
ehq: 7| 142, 428, 85, 583, 120, 40
hqy: 21| 249, 12, 67, 90, 12, 90, 13, 66, 13, 43, 132, 61, 22, 13, 109, 143, 75, 148, 259, 20
xmq: 3| 28, 1587
whx: 5| 626, 111, 60, 776
hxj: 9| 571, 55, 111, 44, 16, 45, 35, 696
xjx: 3| 737, 60
jxj: 6| 560, 177, 60, 219, 234
qxi: 3| 989, 504
xig: 4| 680, 714, 99
exm: 4| 1043, 181, 383
mqf: 9| 67, 52, 219, 148, 79, 197, 74, 505
qrx: 3| 56, 37
ail: 4| 120, 479, 458
ill: 3| 120, 937
llb: 3| 120, 937
lbq: 3| 120, 937
bqh: 3| 120, 937
qha: 4| 21, 99, 937
ham: 7| 99, 21, 937, 113, 287, 23
amx: 3| 120, 937
iqe: 3| 27, 93
jme: 3| 1153, 424
mer: 4| 171, 467, 714
viq: 3| 993, 394
xrv: 3| 629, 682
xrl: 3| 201, 721
rlm: 3| 201, 721
rvr: 4| 261, 241, 380
rer: 6| 339, 34, 166, 258, 43
erq: 5| 114, 712, 96, 87
ehx: 3| 195, 1033
xha: 4| 152, 372, 349
amp: 4| 573, 785, 23
urv: 4| 67, 1208, 22
qmp: 3| 108, 181
mvr: 3| 715, 409
izr: 4| 197, 607, 153
zrv: 9| 190, 7, 162, 445, 50, 103, 100, 220
ubc: 4| 700, 258, 62
bcp: 4| 700, 258, 62
cph: 8| 46, 169, 485, 180, 78, 62, 41
pha: 4| 700, 258, 62
jmq: 4| 958, 224, 75
mqq: 6| 700, 258, 60, 164, 75
qqr: 4| 958, 224, 75
qrp: 4| 958, 224, 75
eav: 3| 30, 169
rvm: 3| 927, 26
mxr: 3| 1271, 103
cnm: 3| 772, 438
vml: 5| 169, 66, 239, 221
yiv: 6| 169, 162, 210, 61, 35
ivr: 3| 338, 992
uxh: 11| 169, 90, 13, 66, 13, 175, 61, 22, 13, 528
qyx: 5| 67, 102, 225, 962
yxj: 5| 67, 102, 225, 962
riv: 3| 15, 68
ivh: 6| 181, 135, 210, 61, 35
hqm: 3| 22, 159
lre: 4| 68, 57, 282
eem: 4| 68, 57, 282
emy: 4| 68, 57, 282
myr: 4| 68, 57, 282
upm: 4| 473, 367, 524
xrs: 5| 69, 404, 61, 321
rsx: 5| 69, 404, 61, 321
abv: 6| 147, 200, 258, 179, 283
bvr: 5| 225, 559, 283, 42
rmq: 3| 982, 70
mqh: 4| 442, 61, 724
jrr: 4| 173, 273, 83
rrq: 5| 173, 6, 267, 83
ixr: 3| 465, 321
rlr: 3| 833, 196
fra: 5| 103, 79, 236, 35
rav: 10| 72, 31, 79, 210, 26, 35, 54, 32, 349
mpp: 3| 273, 606
jre: 5| 34, 166, 258, 43
era: 9| 34, 66, 100, 258, 43, 136, 213, 70
rab: 5| 200, 258, 179, 283
bvh: 3| 200, 258
vhx: 7| 119, 81, 129, 61, 35, 33
hxn: 3| 200, 258
xni: 3| 200, 258
nig: 5| 33, 167, 258, 42
iqx: 3| 467, 338
igx: 3| 425, 42
qym: 6| 79, 188, 61, 22, 13
ymq: 3| 79, 271
qff: 3| 79, 271
ffr: 3| 79, 271
jiw: 3| 698, 220
iwr: 3| 698, 220
wrz: 3| 698, 220
rvw: 3| 192, 60
ber: 4| 178, 538, 330
rmp: 3| 46, 987
mpy: 4| 210, 61, 35
pyi: 4| 210, 61, 35
xjl: 4| 210, 61, 35
rfx: 3| 112, 174
fxi: 3| 112, 60
mqn: 4| 676, 217, 99
rxi: 4| 481, 159, 74
mdr: 3| 389, 523
drn: 6| 241, 62, 36, 198, 267
rnh: 3| 303, 36
rxj: 3| 60, 263
mem: 3| 61, 220
hqu: 3| 61, 724
bxx: 3| 61, 757
ymp: 3| 61, 35
jrd: 4| 62, 36, 198
rdr: 4| 62, 36, 198
xxj: 3| 499, 108
fhe: 3| 352, 193
hea: 3| 43, 309
xiv: 3| 286, 281
mzr: 5| 152, 141, 106, 180
iqa: 3| 50, 435
mcp: 4| 102, 79, 113
qxe: 3| 139, 196
amq: 3| 107, 328
rmz: 3| 247, 180
zre: 3| 247, 180
ref: 3| 247, 180
efv: 3| 247, 180
fvi: 3| 247, 180
viu: 3| 247, 180
iuu: 3| 247, 180